65550627989169265423021617917863552660748551331337739398516807672880626823997
92084604458409508411705274026441404327438441478562316026890134225122732516807
70051636318779282271209065993099602220536415192038428364246427380514544617173
115619657127227945721741401966787181468670073977257763058617745200313973971127
107550105373449148644479527038391945582930946610822937332705195039419299361357
79892439378464414416399434267902575874541667511248542121144053907510227755483
108501582548323607585701616256633967640991128966903397441999138581109387545009
75152867770189596880958906341888039099987169622206542314979764400352902218383
101359864733737362886719942631882340928271085037201624690461638600495941970751
113036845723217223312705001891624430404838440408997449847349480983499326529287
