97786140550002751533091574898886973789492433859925253370482965649487643237933
85429512903849894152875203276755681630284685821585246847256117610320543420517
66319442283368783990291248044262754903420656144842546424914080977674622463173
113860425796980566133741980119491716215562760317815902719910920771996874780961
58338968645708129689437697301327265312818719441481299300251983645192299021471
105039918714370978705270837814114075355047678040499083832339686607843291885613
84202210609172727603608071613547833722903157576512448115755523389530232407421
91467478206224892220979632996030737117864716183585381964757321842342910877059
62053566398309036050954064517698277183072745816667691308917665581539492645571
103763997464630962535978791099306863325968182456411373084341905057762111616489
